0 0.96875 0.6510416666666667 0.0625 0.20833333333333326 
0 0.8307291666666649 0.5130208333333334 0.078125 0.16666666666666674 
0 0.5989583333333324 0.5299479166666667 0.07291666666666552 0.17447916666666674 
0 0.63671875 0.5611979166666667 0.05989583333332971 0.19010416666666663 
0 0.59765625 0.6380208333333334 0.07031250000000067 0.19791666666666674 
0 0.3958333333333325 0.42838541666666674 0.07291666666666491 0.15364583333333331 
0 0.2864583333333326 0.47005208333333337 0.07291666666666519 0.16927083333333331 
0 0.09375000000000015 0.46093750000000006 0.08854166666666993 0.1718750000000001 
0 0.17187499999999986 0.8294270833333334 0.10416666666666992 0.23177083333333326 
1 0.5455729166666649 0.2604166666666667 0.0703125 0.140625 
