0 0.97265625 0.46875 0.0546875 0.171875 
0 0.6041666666666674 0.5104166666666667 0.06770833333333481 0.17187500000000006 
0 0.6888020833333351 0.55078125 0.0703125 0.19010416666666669 
0 0.6015625000000002 0.6315104166666667 0.06770833333333004 0.20572916666666663 
0 0.25390625 0.5078125 0.09635416666666963 0.14583333333333337 
0 0.12500000000000017 0.48177083333333337 0.10416666666666993 0.140625 
0 0.029947916666667556 0.5755208333333334 0.05989583333333511 0.16145833333333331 
0 0.1432291666666674 0.8463541666666667 0.1302083333333348 0.2343750000000001 
0 0.4127604166666674 0.42708333333333337 0.06510416666666519 0.15104166666666669 
1 0.5572916666666676 0.26302083333333337 0.09895833333333515 0.15104166666666669 
