1 0.5052083333333349 1.0 0.10937499999999972 0.07291666666666674 
0 0.9635416666666676 0.6380208333333334 0.07291666666666485 0.20833333333333348 
0 0.6080729166666676 0.5625 0.07552083333333515 0.19791666666666669 
0 0.6536458333333324 0.5390625 0.06770833333333515 0.19270833333333337 
0 0.03645833333333259 0.5846354166666667 0.07291666666666519 0.16927083333333337 
0 0.11848958333333481 0.4843750000000001 0.1015625 0.12500000000000006 
0 0.3255208333333326 0.4557291666666667 0.08333333333333481 0.14583333333333337 
0 0.5182291666666675 0.41796875 0.05729166666666491 0.14843749999999994 
1 0.5455729166666677 0.2565104166666667 0.059895833333334814 0.1328125 
0 0.6119791666666676 0.48567708333333337 0.07291666666666485 0.1640625 
