2 0.5312500000000002 0.52734375 0.04687500000000033 0.04947916666666663 
0 0.3216145833333326 0.4934895833333334 0.1276041666666652 0.1796875000000001 
0 0.7942708333333324 0.4713541666666667 0.09895833333333515 0.16145833333333337 
0 0.5937499999999998 0.4596354166666667 0.06250000000000033 0.16927083333333337 
0 0.8671875 0.6679687500000001 0.1041666666666703 0.22135416666666674 
0 0.6276041666666677 0.43359375 0.06770833333333481 0.1484375 
0 0.4114583333333351 0.4765625 0.078125 0.15104166666666669 
0 0.4140625000000001 0.5247395833333334 0.1041666666666699 0.1640625 
0 0.45312499999999983 0.6705729166666667 0.17708333333333004 0.2109375 
0 0.2539062499999999 0.6028645833333334 0.0911458333333301 0.1953125 
0 0.18098958333333245 0.5520833333333334 0.1223958333333351 0.18229166666666669 
1 0.5442708333333324 0.27083333333333337 0.07291666666666485 0.15625000000000003 
