0 0.05338541666666741 0.5078125 0.10677083333333481 0.15625 
0 0.93359375 0.7447916666666667 0.1276041666666703 0.1718750000000001 
0 0.8294270833333324 0.5234375 0.06510416666666485 0.17708333333333337 
0 0.6041666666666674 0.6015625 0.08333333333333548 0.2031250000000001 
0 0.6328125000000002 0.4791666666666667 0.07812499999999967 0.18229166666666663 
0 0.2864583333333324 0.5286458333333334 0.09895833333333512 0.16145833333333331 
0 0.34375 0.46614583333333337 0.11458333333333037 0.15104166666666674 
0 0.2838541666666675 0.7356770833333335 0.1770833333333351 0.20572916666666663 
0 0.05729166666666755 0.74609375 0.1145833333333351 0.21614583333333326 
1 0.5481770833333326 0.27083333333333337 0.06510416666666452 0.15625000000000003 
