2 0.69921875 0.38020833333333337 0.0390625 0.031250000000000056 
1 0.4466145833333325 1.0026041666666667 0.09635416666666491 0.06770833333333337 
0 0.94140625 0.5598958333333334 0.05989583333332971 0.14062500000000006 
0 0.08432006835937515 0.5396515722988412 0.055870643028849955 0.14101482819201983 
0 0.9036458333333324 0.5013020833333334 0.05729166666666485 0.1328125 
0 0.9375 0.48958333333333337 0.046875 0.10416666666666674 
0 0.87890625 0.5455729166666667 0.04427083333332971 0.16927083333333331 
0 0.90625 0.5481770833333334 0.0625 0.16927083333333343 
0 0.9700520833333324 0.51171875 0.04427083333333515 0.11718749999999994 
0 0.06119791666666741 0.5325520833333334 0.06510416666666519 0.15885416666666669 
0 0.1028645833333326 0.49088541666666674 0.049479166666665186 0.10156250000000006 
0 0.13671875 0.5026041666666667 0.0703125 0.1510416666666668 
0 0.13411458333333495 0.55078125 0.07031249999999971 0.17447916666666669 
0 0.16276041666666505 0.5455729166666667 0.08593750000000029 0.17968750000000006 
1 0.5507812500000002 0.26171875 0.08593750000000033 0.14322916666666669 
