2 0.9765625 0.4479166666666667 0.046875 0.04166666666666674 
0 0.6106770833333351 0.6781684011220933 0.0859375 0.22686682156219273 
0 0.9309895833333324 0.49348958333333337 0.13802083333333515 0.15885416666666669 
0 0.7161458333333324 0.5169270833333334 0.09895833333333515 0.15885416666666674 
0 0.6302083333333351 0.8450520833333335 0.125 0.2734374999999999 
0 0.28125 0.578125 0.09375 0.16666666666666669 
0 0.4674479166666651 0.46614583333333337 0.10156250000000028 0.15104166666666674 
0 0.4791666666666674 0.6341145833333335 0.08333333333333481 0.21614583333333337 
0 0.3828125 0.7408854166666667 0.08854166666667018 0.1796875 
0 0.4010416666666675 0.8346354166666667 0.10416666666666491 0.1953125 
0 0.03766077756881744 0.66015625 0.07532155513763487 0.20052083333333337 
1 0.54296875 0.2643229166666667 0.0651041666666703 0.1432291666666667 
