1 0.5742187500000002 0.36067708333333337 0.09635416666666996 0.2109375 
0 0.8229166666666649 0.70703125 0.09375 0.26822916666666663 
0 0.6367187500000002 0.640625 0.08072916666666996 0.26041666666666663 
0 0.7135416666666672 0.62890625 0.08854166666666552 0.26302083333333337 
0 0.8763020833333328 0.6627604166666667 0.07552083333333448 0.2578125000000001 
0 0.94140625 0.65234375 0.1015625 0.23177083333333337 
0 0.3020833333333326 0.6640625 0.11458333333333481 0.25520833333333337 
0 0.2434895833333351 0.7434895833333334 0.10156249999999997 0.2734375 
1 0.4283854166666674 0.9869791666666667 0.09635416666666519 0.09895833333333337 
0 0.09244791666666755 0.5794270833333334 0.11197916666666488 0.2265625 
0 0.2356770833333326 0.625 0.1432291666666652 0.28645833333333337 
