0 0.640625 0.6158854166666667 0.1197916666666703 0.2786458333333333 
1 0.45182291666666774 0.9348958333333335 0.12760416666666524 0.1875000000000001 
0 0.078125 0.6471354166666667 0.11979166666667022 0.18489583333333337 
0 0.1497395833333326 0.5807291666666667 0.11197916666666519 0.1822916666666668 
0 0.0546875 0.7565104166666667 0.109375 0.2109375 
0 0.1458333333333326 0.8125 0.11458333333333481 0.265625 
0 0.4140625 0.6937934011220933 0.09375 0.2414737621943157 
0 0.4726562500000001 0.7604166666666667 0.0911458333333301 0.27083333333333337 
0 0.625 0.6497395833333335 0.0729166666666703 0.2578125000000001 
0 0.6705729166666649 0.63671875 0.0859375 0.27864583333333337 
1 0.55859375 0.34765625 0.09114583333333037 0.20052083333333334 
