1 0.4544270833333349 0.9713541666666667 0.11718749999999972 0.11979166666666663 
0 0.4934895833333326 0.6653645833333334 0.10677083333333481 0.33072916666666674 
0 0.45703125 0.7200520833333335 0.11197916666666963 0.3359375000000001 
0 0.1953125 0.6028645833333334 0.13541666666666963 0.20572916666666674 
0 0.6861979166666649 0.76171875 0.1328125 0.2421875000000001 
0 0.6497395833333351 0.5924479166666667 0.0859375 0.21614583333333331 
2 0.5742187499999998 0.55859375 0.05468749999999967 0.05989583333333326 
1 0.5598958333333328 0.35546875000000006 0.08854166666666485 0.23177083333333337 
0 0.9674479166666676 0.6106770833333334 0.06510416666666485 0.20052083333333326 
0 0.9427083333333324 0.7109375 0.11458333333333515 0.26041666666666663 
0 0.73828125 0.77734375 0.1015625 0.2734375 
0 0.7981770833333324 0.80078125 0.12760416666666485 0.22135416666666663 
