1 0.3932291666666674 0.9335937500000001 0.1354166666666652 0.17447916666666674 
0 0.10416666666666503 0.6458333333333334 0.1093749999999997 0.16666666666666652 
0 0.04036458333333245 0.6171875 0.0807291666666649 0.23958333333333337 
0 0.05598958333333259 0.7122395833333335 0.11197916666666519 0.26302083333333337 
0 0.3151041666666674 0.5716145833333334 0.09895833333333481 0.23177083333333343 
0 0.3736979166666649 0.5807291666666667 0.1171875 0.23437500000000006 
0 0.2161458333333351 0.7330729166666667 0.10937499999999997 0.29427083333333337 
0 0.7239583333333324 0.7107204844554267 0.11979166666666485 0.24952122384739905 
0 0.7760416666666649 0.5520833333333334 0.078125 0.171875 
0 0.8919270833333324 0.6184895833333334 0.11197916666666485 0.2682291666666667 
0 0.8203125 0.65625 0.1302083333333297 0.25 
1 0.563802083333335 0.34505208333333337 0.10156250000000033 0.19531250000000003 
0 0.73046875 0.5544704844554266 0.1171875 0.19167432276641566 
