1 0.5598958333333328 0.34895833333333337 0.08854166666666485 0.21354166666666666 
0 0.6263020833333324 0.5651041666666667 0.09635416666666485 0.23437500000000006 
0 0.6966145833333326 0.6106770833333334 0.12239583333333481 0.23177083333333343 
0 0.9088541666666676 0.5442708333333334 0.13020833333333515 0.2604166666666666 
0 0.1080729166666674 0.6809895833333334 0.08072916666666519 0.27864583333333326 
0 0.3854166666666675 0.6510416666666667 0.1354166666666649 0.2656249999999999 
0 0.49609375 0.625 0.0859375 0.2343750000000001 
0 0.48437499999999983 0.6549479166666667 0.07812499999999967 0.25260416666666663 
1 0.5442708333333326 0.9765625000000001 0.10416666666666519 0.10416666666666674 
0 0.09114583333333244 0.7018229166666667 0.08854166666666488 0.2578125 
