1 0.5481770833333325 0.9309895833333335 0.1536458333333351 0.1796875000000001 
0 0.96484375 0.5677083333333334 0.0703125 0.19270833333333326 
0 0.8528645833333324 0.8020833333333334 0.15885416666666485 0.234375 
0 0.9453125 0.7317708333333334 0.109375 0.22395833333333348 
1 0.5625 0.34505208333333337 0.1041666666666703 0.20572916666666666 
0 0.4388020833333325 0.6391059011220932 0.09114583333333509 0.241284519433976 
0 0.490885416666665 0.5911458333333334 0.10156249999999967 0.22916666666666669 
0 0.47135416666666774 0.6809895833333334 0.08854166666666524 0.2734375 
0 0.10807291666666488 0.640625 0.1015625 0.26041666666666663 
0 0.029947916666667556 0.6822916666666667 0.05989583333333511 0.25 
