1 0.55859375 0.359375 0.0963541666666703 0.21875000000000006 
1 0.5651041666666649 0.9348958333333335 0.125 0.18229166666666663 
0 0.18229166666666502 0.6315104166666667 0.0937500000000003 0.2265625 
0 0.05989583333333245 0.7044270833333335 0.1197916666666649 0.25260416666666663 
0 0.4153645833333326 0.6692708333333333 0.09635416666666519 0.27083333333333337 
0 0.46484375000000017 0.6497395833333334 0.08072916666666996 0.3098958333333333 
0 0.49999999999999983 0.6380208333333334 0.08333333333333004 0.3072916666666667 
0 0.7135416666666649 0.55078125 0.125 0.21614583333333326 
0 0.9479166666666676 0.5794270833333334 0.10416666666666485 0.20572916666666669 
0 0.7096354166666676 0.6432291666666667 0.12239583333333515 0.22395833333333337 
