0 0.6679687500000003 0.49739583333333337 0.10677083333333037 0.26041666666666674 
0 0.90234375 0.6197916666666666 0.1223958333333297 0.2604166666666667 
0 0.7552083333333351 0.6901041666666667 0.15625 0.25520833333333326 
0 0.6393229166666676 0.7369791666666667 0.12239583333333515 0.25520833333333337 
0 0.6341145833333351 0.8229166666666667 0.1015625 0.28645833333333337 
0 0.9192708333333324 0.7122395833333333 0.10416666666666485 0.21614583333333337 
2 0.44140625 0.46875 0.04947916666667018 0.052083333333333315 
0 0.5247395833333351 0.47395833333333337 0.10156250000000006 0.22395833333333331 
0 0.49609375 0.60546875 0.09114583333332976 0.17447916666666663 
0 0.06380208333333245 0.5611979166666666 0.1119791666666649 0.19531249999999994 
0 0.1953125 0.8059895833333334 0.21875 0.2265625 
1 0.4674479166666675 0.9440104166666667 0.1432291666666649 0.16927083333333348 
1 0.5611979166666672 0.34375 0.08072916666666485 0.20312499999999997 
