0 0.6276041666666674 0.5377604166666667 0.07291666666666519 0.20052083333333337 
0 0.602864583333335 0.5898437500000001 0.08593750000000033 0.22656250000000006 
0 0.7096354166666649 0.5572916666666667 0.0703125 0.19270833333333331 
0 0.4830729166666676 0.7604166666666667 0.10677083333333515 0.18229166666666674 
0 0.11848958333333245 0.48697916666666674 0.1067708333333351 0.13020833333333331 
0 0.11458333333333497 0.8359375000000001 0.1250000000000003 0.24479166666666674 
0 0.9622395833333324 0.6549479166666667 0.07552083333333515 0.1796875 
0 0.9466145833333348 0.4752604166666667 0.08593750000000067 0.12760416666666663 
0 0.3971354166666674 0.6575520833333335 0.11197916666666519 0.22135416666666663 
1 0.5403645833333324 0.23567708333333337 0.06510416666666485 0.09114583333333337 
