2 0.7669270833333345 0.42578125 0.0390625 0.044270833333333315 
0 0.6080729166666676 0.48697916666666674 0.08072916666666485 0.17708333333333331 
0 0.8919270833333324 0.44791666666666663 0.08072916666666485 0.16666666666666669 
0 0.83984375 0.5338541666666667 0.0963541666666703 0.18229166666666663 
0 0.9375 0.5377604166666667 0.1041666666666703 0.14843750000000006 
0 0.9674479166666676 0.49348958333333337 0.06510416666666485 0.15364583333333326 
0 0.18619791666666757 0.45703125000000006 0.09114583333333512 0.13802083333333337 
0 0.026041666666667407 0.7317708333333334 0.052083333333334814 0.234375 
0 0.4479166666666675 0.48958333333333337 0.07291666666666491 0.17708333333333343 
0 0.4062500000000001 0.6588541666666667 0.1145833333333301 0.2187500000000001 
0 0.4557291666666676 0.7239583333333334 0.09895833333333515 0.20833333333333348 
1 0.5403645833333351 0.2526041666666667 0.0703125 0.11979166666666666 
