0 0.5846354166666674 0.39713541666666674 0.06510416666666519 0.14322916666666669 
0 0.6145833333333324 0.42057291666666674 0.08854166666666485 0.16406250000000006 
0 0.9166666666666676 0.4479166666666667 0.08854166666666485 0.13541666666666663 
0 0.9283854166666676 0.7578125 0.14322916666666485 0.203125 
0 0.1692708333333326 0.58984375 0.08333333333333481 0.20052083333333343 
0 0.3020833333333325 0.5677083333333334 0.09895833333333509 0.1875 
0 0.4349106550216675 0.51953125 0.07735342638833487 0.17447916666666669 
0 0.4921875 0.41276041666666674 0.07291666666667024 0.14843750000000006 
0 0.4179687499999999 0.7278645833333335 0.1067708333333301 0.22135416666666663 
0 0.3658854166666674 0.46744791666666674 0.07552083333333481 0.15885416666666674 
1 0.5403645833333324 0.23828125000000003 0.05989583333333515 0.09635416666666669 
