0 0.9140625 0.47005208333333337 0.1041666666666703 0.12239583333333331 
0 0.5950520833333348 0.4453125 0.0703125 0.140625 
0 0.6054687500000002 0.6341145833333335 0.09635416666666996 0.17447916666666663 
0 0.6041666666666674 0.7890625 0.08854166666666519 0.22916666666666685 
0 0.4700520833333326 0.5139049184508626 0.09635416666666519 0.22108187153073133 
0 0.49609375 0.6041666666666667 0.09635416666667024 0.17708333333333337 
0 0.3216145833333325 0.86328125 0.1380208333333351 0.29427083333333337 
0 0.17317708333333498 0.578125 0.1328125000000003 0.16145833333333326 
0 0.4049479166666675 0.40494791666666674 0.09114583333333509 0.13802083333333331 
0 0.2083333333333348 0.46223958333333337 0.078125 0.1328125 
2 0.4283854166666649 0.40885416666666663 0.0390625 0.036458333333333315 
1 0.5416666666666676 0.24348958333333331 0.06770833333333515 0.11718749999999997 
