0 0.6328124999999998 0.5403645833333334 0.08333333333333004 0.20572916666666674 
0 0.5989583333333348 0.5794270833333334 0.078125 0.22135416666666669 
0 0.7044270833333324 0.55078125 0.06510416666666485 0.20052083333333337 
0 0.9401041666666672 0.45442708333333337 0.07291666666666552 0.14322916666666674 
0 0.3932291666666675 0.6549479166666667 0.11979166666666491 0.2265625 
0 0.484375 0.75390625 0.11458333333332976 0.1796875000000001 
0 0.96875 0.6354166666666667 0.0625 0.19791666666666663 
1 0.5416666666666674 0.23828125000000003 0.057291666666665186 0.09635416666666669 
0 0.11718749999999986 0.48046875 0.10416666666666992 0.13802083333333326 
0 0.1041666666666674 0.8359375 0.1302083333333348 0.2343750000000001 
