0 0.6080729166666676 0.5833333333333335 0.07552083333333515 0.20833333333333337 
0 0.6302083333333326 0.53125 0.06770833333333481 0.1875 
0 0.7096354166666672 0.5559895833333334 0.07552083333333448 0.19010416666666669 
0 0.7643229166666652 0.5169270833333334 0.07031250000000067 0.16927083333333343 
0 0.1510416666666652 0.44921875 0.078125 0.16927083333333331 
0 0.39453125 0.6731770833333335 0.07552083333332982 0.19010416666666663 
0 0.4127604166666649 0.7291666666666667 0.0859375 0.20833333333333348 
0 0.14453125 0.7877604166666667 0.1171875 0.26302083333333337 
0 0.9140624999999997 0.59765625 0.09895833333333037 0.1796875000000001 
0 0.0390625 0.5247395833333333 0.078125 0.19010416666666663 
1 0.5416666666666676 0.23567708333333337 0.06770833333333515 0.10156250000000003 
