0 0.96484375 0.6119791666666667 0.0703125 0.18229166666666674 
0 0.6197916666666676 0.5234375 0.08333333333333515 0.19270833333333331 
0 0.5989583333333324 0.5638020833333334 0.09895833333333515 0.23177083333333331 
0 0.3593749999999999 0.66015625 0.1145833333333301 0.2109375 
0 0.4817708333333324 0.7513020833333334 0.10416666666666485 0.17447916666666674 
0 0.08333333333333244 0.4804687500000001 0.10416666666666488 0.13281250000000006 
1 0.5416666666666676 0.234375 0.06770833333333515 0.10416666666666671 
0 0.7031249999999997 0.5520833333333334 0.06770833333333037 0.19270833333333343 
0 0.9036458333333324 0.5013020833333334 0.08854166666666485 0.14322916666666674 
0 0.10546875 0.82421875 0.1171875 0.2421874999999999 
