0 0.6223958333333324 0.51953125 0.07291666666666485 0.20052083333333326 
0 0.5989583333333324 0.5625 0.08333333333333448 0.22916666666666669 
0 0.7122395833333328 0.5533854166666667 0.05989583333333448 0.19531250000000006 
0 0.9114583333333351 0.49348958333333337 0.078125 0.15364583333333326 
0 0.48177083333333515 0.7434895833333334 0.10937500000000006 0.18489583333333326 
0 0.3372395833333326 0.6848958333333334 0.09635416666666519 0.23958333333333326 
0 0.09375 0.47786458333333337 0.109375 0.1484375 
0 0.09635416666666503 0.80078125 0.1249999999999997 0.2578124999999999 
0 0.9622395833333324 0.6080729166666667 0.07552083333333515 0.17447916666666663 
1 0.55859375 0.23697916666666669 0.0963541666666703 0.10937500000000008 
