0 0.6328273216883324 0.5520833333333334 0.07184772809346496 0.1875 
0 0.6979166666666676 0.5416666666666667 0.06770833333333515 0.20312500000000006 
0 0.6171875 0.5130208333333334 0.0833333333333297 0.18229166666666657 
0 0.87109375 0.53515625 0.1015625 0.18489583333333337 
0 0.1197916666666674 0.49218750000000006 0.09895833333333481 0.17708333333333337 
0 0.1979166666666649 0.625 0.12500000000000003 0.20833333333333326 
0 0.2630208333333351 0.6184895833333334 0.09374999999999997 0.2109375 
0 0.3138020833333351 0.62109375 0.0859375 0.1953125 
0 0.9296875 0.5963541666666667 0.0729166666666703 0.171875 
0 0.0651041666666674 0.58203125 0.10416666666666519 0.18489583333333331 
1 0.5416666666666674 0.23567708333333337 0.057291666666665186 0.09114583333333337 
