0 0.66796875 0.43489583333333337 0.0859375 0.14062500000000006 
0 0.6679687500000002 0.5182291666666667 0.06510416666666996 0.15625000000000006 
0 0.671875 0.6549479166666667 0.1041666666666703 0.20052083333333337 
0 0.03645833333333259 0.578125 0.07291666666666519 0.16666666666666669 
0 0.09505208333333495 0.5598958333333333 0.1015624999999997 0.11979166666666663 
1 0.5403645833333324 0.23958333333333337 0.06510416666666485 0.10416666666666674 
0 0.6484375 0.55859375 0.0729166666666703 0.20572916666666669 
0 0.9127604166666676 0.49739583333333337 0.09114583333333515 0.16666666666666669 
0 0.0651041666666674 0.6861979166666667 0.10416666666666519 0.17447916666666674 
0 0.47786458333333276 0.5221354166666667 0.07552083333333515 0.17968750000000006 
0 0.4583333333333325 0.5703125 0.08333333333333509 0.19791666666666663 
0 0.18359375 0.9257812500000001 0.1328125 0.22135416666666674 
0 0.8476562500000003 0.6536458333333334 0.09635416666666963 0.19791666666666674 
