0 0.859375 0.6875000000000001 0.0989583333333297 0.21875 
0 0.91015625 0.6028645833333334 0.0859375 0.22135416666666674 
0 0.9752604166666676 0.5533854166666667 0.04947916666666485 0.17447916666666663 
0 0.22526041666666755 0.6041666666666667 0.10677083333333509 0.19791666666666674 
0 0.3984375 0.58203125 0.0625 0.20572916666666663 
0 0.4427083333333348 0.5442708333333334 0.078125 0.17708333333333343 
0 0.23828125 0.5130208333333334 0.0859375 0.17187500000000006 
0 0.3502604166666651 0.5214806758643438 0.08593749999999972 0.17802312894903127 
1 0.5455729166666676 0.2421875 0.07552083333333515 0.10416666666666663 
0 0.20963541666666757 0.5651041666666667 0.09635416666666488 0.20833333333333331 
