0 0.8333333333333351 0.39973958333333337 0.078125 0.1328125 
0 0.471354166666665 0.7128869258643443 0.14062499999999967 0.21462591415761767 
0 0.06901041666666756 0.7109375 0.13802083333333512 0.24479166666666685 
0 0.18880208333333512 0.45052083333333337 0.1015625 0.13020833333333331 
0 0.677083333333335 0.48437500000000006 0.07812500000000033 0.16145833333333337 
0 0.7929835716883351 0.5638020833333334 0.15847242080559043 0.17447916666666669 
0 0.49869791666666485 0.46614583333333337 0.08593749999999994 0.15104166666666674 
0 0.4882812500000001 0.5442708333333334 0.0755208333333301 0.171875 
2 0.6822916666666676 0.19661458333333337 0.03645833333333515 0.03906249999999997 
1 0.5416666666666649 0.23567708333333334 0.0625 0.09635416666666669 
