0 0.67578125 0.609375 0.1223958333333297 0.23958333333333331 
0 0.4309895833333351 0.52734375 0.0859375 0.21614583333333337 
0 0.4244791666666675 0.6627604166666667 0.09895833333333509 0.2421874999999999 
1 0.4856770833333324 0.8502604166666667 0.12760416666666485 0.2890625 
1 0.5208333333333351 0.29036458333333337 0.09375000000000006 0.19531250000000003 
0 0.9700520833333324 0.6822916666666667 0.05989583333333515 0.25520833333333337 
0 0.75 0.49739583333333337 0.1458333333333297 0.19791666666666669 
0 0.619791666666665 0.6549479166666667 0.10937499999999967 0.2734375 
0 0.7656250000000003 0.7682291666666667 0.14583333333333037 0.28125 
0 0.33984375 0.6158854166666667 0.1484375 0.24218750000000006 
