0 0.91015625 0.6028645833333334 0.1119791666666703 0.23697916666666669 
0 0.6419270833333324 0.7408854166666667 0.12239583333333515 0.2890625 
0 0.7721354166666672 0.5416666666666667 0.10677083333333448 0.19791666666666663 
1 0.3815104166666675 0.82421875 0.1432291666666649 0.27864583333333337 
1 0.52734375 0.2916666666666667 0.0859375 0.19791666666666666 
0 0.9192708333333348 0.6458333333333334 0.12499999999999933 0.23958333333333326 
0 0.641927083333335 0.4756221069643891 0.16406250000000033 0.22618329583814273 
0 0.5511339592184 0.5812547607475657 0.11817720169933005 0.23881642843406242 
0 0.453125 0.43619791666666674 0.09375 0.22135416666666674 
0 0.48828125 0.4244791666666667 0.08072916666667024 0.22395833333333337 
0 0.22135416666666502 0.6940104166666667 0.1250000000000003 0.23697916666666674 
2 0.5820312499999997 0.1875 0.0390625 0.04687500000000003 
