1 0.3984476725260424 0.8309377034505208 0.11644434045862473 0.2756219792977187 
0 0.8940323539402175 0.5653127034505209 0.09122062600368486 0.21821884881882503 
0 0.8528645833333324 0.4869791666666667 0.11197916666666485 0.20833333333333337 
0 0.6875000000000002 0.5286458333333334 0.10416666666666996 0.22916666666666669 
0 0.78515625 0.6380208333333334 0.1171875 0.24479166666666674 
0 0.5950520833333351 0.5820312500000001 0.1015625 0.2526041666666668 
0 0.46093750000000017 0.5299479166666667 0.10937500000000033 0.23177083333333331 
0 0.47005208333333226 0.5690104166666667 0.10677083333333476 0.23697916666666674 
0 0.3723958333333351 0.69921875 0.15625 0.20572916666666663 
2 0.22470760062779743 0.703874267294463 0.044964265550585 0.044964265550584415 
0 0.5911458333333324 0.7656250000000001 0.11979166666666485 0.265625 
1 0.5169270833333323 0.2890625 0.09114583333333476 0.19791666666666669 
