0 0.7447916666666649 0.5572916666666667 0.09375 0.23958333333333337 
1 0.5156249999999998 0.2916666666666667 0.09374999999999967 0.19270833333333337 
0 0.9153645833333324 0.5755208333333334 0.09635416666666485 0.22916666666666669 
0 0.7174479166666676 0.671875 0.10677083333333515 0.29166666666666663 
0 0.75 0.7981770833333334 0.1145833333333297 0.29427083333333326 
0 0.3333333333333325 0.6354166666666667 0.11979166666666491 0.23958333333333337 
0 0.45312499999999983 0.6419270833333334 0.09895833333333004 0.25260416666666674 
0 0.3593749999999999 0.7591145833333334 0.1197916666666699 0.2734375 
1 0.3854166666666675 0.8502604166666667 0.1302083333333351 0.27864583333333337 
0 0.0390625 0.5455729166666667 0.078125 0.22135416666666663 
0 0.8854166666666676 0.6966145833333334 0.09895833333333515 0.24739583333333326 
