0 0.7187601725260422 0.6888020833333335 0.18152791987020456 0.28385416666666663 
0 0.7916666666666676 0.61328125 0.09895833333333515 0.2265625000000001 
0 0.8007960716883347 0.6558385223582167 0.09604459410315036 0.24585920487110835 
0 0.05859374999999999 0.5520833333333334 0.11197916666667021 0.234375 
0 0.2408854166666674 0.6731770833333334 0.12239583333333481 0.2421875 
0 0.046875 0.7161458333333334 0.09375 0.26041666666666674 
1 0.5221354166666676 0.296875 0.10677083333333515 0.20312500000000006 
0 0.6197916666666674 0.61328125 0.11458333333333548 0.2421875 
0 0.7018229166666674 0.5638020833333334 0.1276041666666652 0.22135416666666657 
0 0.66796875 0.66796875 0.1119791666666703 0.2734375 
1 0.37228741660454245 0.8605848772466442 0.1361279725304252 0.28357276334482806 
