0 0.0885518391927076 0.5437344710032146 0.06807454427083481 0.09396856963032507 
0 0.04296875 0.6158854166666667 0.0859375 0.24218750000000006 
0 0.07291666666666519 0.640625 0.078125 0.23958333333333337 
0 0.1171875 0.640625 0.09895833333333037 0.23958333333333337 
0 0.1575520833333326 0.6302083333333334 0.09114583333333481 0.25 
0 0.6614583333333324 0.6419270833333334 0.10416666666666485 0.26822916666666674 
0 0.7291666666666676 0.5885416666666667 0.10416666666666485 0.2708333333333333 
0 0.7604166666666649 0.6276041666666667 0.140625 0.25 
0 0.82421875 0.6692708333333333 0.1171875 0.26041666666666663 
1 0.51953125 0.30078125 0.09635416666667024 0.21614583333333334 
