0 0.203125 0.59375 0.140625 0.2604166666666667 
0 0.87890625 0.6640625 0.1171875 0.26041666666666674 
0 0.1895477737205599 0.6134897867838542 0.08858353487991 0.23760241741167293 
0 0.05598958333333259 0.6315104166666667 0.11197916666666519 0.2578125 
0 0.13152058919270745 0.6263020833333334 0.10101868225647516 0.2265625 
0 0.17201877838187746 0.6745236124066605 0.11422170033625503 0.27530358542584576 
0 0.09505208333333512 0.6497395833333334 0.1171875 0.2734375 
1 0.4986979166666675 0.2890625 0.1432291666666649 0.203125 
1 0.6028645833333324 0.8567708333333334 0.12239583333333515 0.28645833333333326 
0 0.8541666666666676 0.72265625 0.11979166666666485 0.2734375 
0 0.92578125 0.5846354166666667 0.1328125 0.2630208333333333 
