0 0.8776143391927078 0.5442708333333334 0.11906699528769471 0.23437500000000006 
0 0.8190104166666676 0.5703125000000001 0.12760416666666485 0.23437500000000006 
1 0.50390625 0.29296875 0.14322916666667024 0.20572916666666669 
1 0.5377604166666652 0.8268229166666667 0.1171875 0.2890625 
0 0.8528645833333324 0.5926564534505209 0.09635416666666485 0.23721336082175837 
0 0.04711337363009497 0.596562703450521 0.09422674726018994 0.2120971679687501 
0 0.03255208333333245 0.5598958333333334 0.0651041666666649 0.20833333333333331 
0 0.06640624999999985 0.5494791666666667 0.08072916666666992 0.17708333333333331 
0 0.07682291666666503 0.59375 0.10156250000000029 0.20833333333333343 
0 0.9348958333333324 0.5833333333333334 0.13020833333333515 0.234375 
