0 0.74609375 0.6408335367838542 0.0963541666666703 0.25772825876871674 
0 0.6731770833333324 0.6549479166666667 0.09114583333333515 0.24739583333333348 
0 0.6875000000000002 0.6067708333333335 0.10416666666666996 0.2031250000000001 
0 0.18098958333333498 0.62890625 0.1015625000000003 0.2421875 
1 0.5247395833333324 0.2864583333333333 0.09635416666666485 0.20833333333333334 
1 0.5351562499999999 0.85546875 0.1276041666666699 0.2890625 
0 0.7838643391927078 0.6627604166666667 0.13618041346312515 0.2578125000000001 
0 0.07682291666666755 0.62890625 0.08072916666666488 0.2265625000000001 
0 0.1171875 0.578125 0.08333333333332978 0.22395833333333337 
0 0.12890625 0.6458333333333335 0.09635416666667022 0.25520833333333337 
0 0.7624250692387277 0.643487339183424 0.12496823237556498 0.23605110559828746 
0 0.7057291666666676 0.6627604166666667 0.08854166666666485 0.2578125000000001 
0 0.05078125 0.6067708333333334 0.1015625 0.22916666666666674 
0 0.17447916666666755 0.5690104166666667 0.1197916666666649 0.1588541666666668 
