0 0.6875 0.5546875 0.0833333333333297 0.21354166666666669 
0 0.7044270833333324 0.5833333333333334 0.09114583333333515 0.23958333333333343 
0 0.7278645833333351 0.6223958333333334 0.1015625 0.26041666666666674 
0 0.7721354166666676 0.5846354166666667 0.13802083333333515 0.23697916666666674 
0 0.8424479166666649 0.5611979166666667 0.1015625 0.25260416666666674 
0 0.90625 0.6015625 0.1302083333333297 0.22916666666666663 
0 0.02734375 0.5768229166666667 0.0546875 0.22135416666666674 
0 0.05078125 0.6002604166666667 0.1015625 0.2265625 
0 0.1315104166666674 0.5950520833333334 0.10677083333333481 0.23697916666666669 
1 0.5039062499999998 0.29036458333333337 0.11718749999999967 0.20052083333333331 
1 0.3802083333333326 0.8333333333333335 0.11458333333333481 0.28645833333333337 
