0 0.18098958333333495 0.5768229166666667 0.14843750000000028 0.15885416666666663 
1 0.3281521002451574 0.86328125 0.13556359319975514 0.29427083333333337 
1 0.51953125 0.29427083333333337 0.09635416666667024 0.19791666666666669 
0 0.4544270833333324 0.6927083333333335 0.11197916666666485 0.29166666666666663 
0 0.8841145833333302 0.70703125 0.09724069148936054 0.26822916666666663 
0 0.5937499999999998 0.5169270833333334 0.09374999999999967 0.2265625 
0 0.6015625 0.6276041666666667 0.1145833333333297 0.25520833333333337 
0 0.6432291666666676 0.7643229166666667 0.11979166666666485 0.26822916666666674 
0 0.9583333333333328 0.6015625 0.08333333333333448 0.22395833333333343 
0 0.68359375 0.7174479166666667 0.1119791666666703 0.2109375 
0 0.4270833333333325 0.7291666666666667 0.1354166666666649 0.23958333333333337 
2 0.421875 0.4609375 0.046875 0.046875000000000056 
