0 0.5546874999999998 0.6484375 0.08854166666666996 0.24479166666666663 
0 0.078125 0.6013454861628511 0.15625 0.2300170067013521 
0 0.28125 0.6145833333333334 0.09895833333332979 0.19270833333333326 
2 0.1861979166666674 0.2565104166666667 0.044270833333334814 0.04947916666666671 
0 0.03125 0.5208333333333334 0.0625 0.20833333333333326 
0 0.96484375 0.5338541666666667 0.0703125 0.20833333333333337 
1 0.4869791666666676 0.8346354166666667 0.17708333333333515 0.28385416666666674 
0 0.5677083333333324 0.5442708333333333 0.11458333333333515 0.22916666666666663 
0 0.5586208502451577 0.5950520833333335 0.11651584080287503 0.2265625000000001 
1 0.5221354166666676 0.2877604166666667 0.09114583333333515 0.20052083333333337 
