1 0.59375 0.9192708333333334 0.171875 0.22916666666666674 
1 0.4453125 0.17578125000000003 0.09895833333332982 0.26302083333333337 
0 0.5169270833333351 0.31510416666666663 0.10156250000000006 0.265625 
0 0.5078125 0.37109375 0.07291666666667024 0.32552083333333326 
0 0.8750000000000003 0.69921875 0.23958333333333037 0.2890625000000001 
0 0.06640624999999986 0.43098958333333337 0.10677083333333008 0.27343750000000006 
2 0.1875 0.1328125 0.05208333333332976 0.05729166666666666 
0 0.18489583333333512 0.31901041666666674 0.09375 0.26822916666666674 
0 0.13671875 0.46484375 0.1171875 0.25781249999999994 
0 0.2955729166666649 0.49739583333333337 0.16406250000000003 0.27604166666666674 
0 0.04947916666666755 0.7005208333333334 0.0989583333333351 0.3072916666666665 
