1 0.4635416666666651 0.1796875 0.10937500000000028 0.25 
2 0.8832835934324648 0.08190063504832677 0.05184152141759013 0.060857438185873546 
0 0.6627604166666674 0.47265625 0.1276041666666652 0.3307291666666667 
0 0.7591145833333324 0.3854166666666667 0.11197916666666485 0.26041666666666663 
0 0.921875 0.8190104166666667 0.15625 0.34635416666666674 
0 0.3177083333333326 0.44270833333333337 0.1666666666666652 0.2552083333333333 
0 0.3997395833333349 0.6145833333333334 0.14843750000000028 0.3072916666666667 
0 0.36328125 0.7721354166666667 0.14322916666667018 0.3723958333333335 
1 0.3776041666666675 0.9388020833333334 0.1666666666666649 0.18489583333333326 
0 0.9427083333333324 0.48046875000000006 0.11458333333333515 0.30989583333333337 
