1 0.55859375 0.9036458333333335 0.1796875 0.26041666666666663 
1 0.4622395833333349 0.17447916666666666 0.10156249999999972 0.23958333333333331 
2 0.5598958333333324 0.23437500000000003 0.05729166666666485 0.07291666666666669 
0 0.5585937499999998 0.45052083333333337 0.12239583333333004 0.24479166666666674 
0 0.6901041666666649 0.4973958333333333 0.125 0.24479166666666663 
0 0.74609375 0.48307291666666674 0.1015625 0.26822916666666674 
0 0.6640625 0.7057291666666667 0.1822916666666703 0.359375 
0 0.8984375000000003 0.47526041666666674 0.11458333333333037 0.2786458333333333 
0 0.109375 0.66015625 0.140625 0.35156249999999994 
0 0.22526041666666755 0.6158854166666667 0.1692708333333351 0.34635416666666663 
0 0.2877604166666649 0.40885416666666674 0.10156250000000003 0.26562500000000006 
0 0.2955729166666676 0.48697916666666674 0.11197916666666488 0.29166666666666674 
