1 0.4661458333333324 0.17838541666666669 0.08854166666666485 0.2578125 
0 0.9166666666666672 0.5221354166666667 0.13020833333333448 0.22135416666666674 
0 0.5794270833333324 0.65234375 0.13802083333333515 0.29947916666666663 
0 0.6523437500000002 0.3893229166666667 0.09635416666666996 0.26822916666666663 
0 0.7083333333333326 0.5026041666666667 0.1458333333333348 0.28645833333333337 
0 0.9518229166666672 0.6458333333333334 0.09635416666666552 0.29166666666666674 
0 0.7174479166666676 0.8450520833333334 0.26822916666666485 0.32552083333333326 
0 0.3528645833333326 0.7578125 0.1744791666666652 0.33854166666666674 
1 0.4140625 0.9231770833333335 0.15625 0.2265625000000001 
0 0.2513020833333351 0.4622395833333334 0.19531249999999997 0.2421875000000001 
0 0.3984375 0.5846354166666667 0.109375 0.40885416666666663 
2 0.41015625 0.39583333333333337 0.0546875 0.07291666666666669 
