0 0.5416666666666674 0.37369791666666674 0.11458333333333481 0.27343750000000006 
0 0.5325791835784902 0.37760416666666674 0.15455471326227005 0.28125000000000006 
1 0.4505208333333326 0.17317708333333331 0.09895833333333481 0.24739583333333331 
0 0.9296875 0.42968750000000006 0.140625 0.22395833333333337 
0 0.9075520833333324 0.6770833333333334 0.18489583333333515 0.265625 
2 0.3346354166666674 0.18098958333333334 0.059895833333334814 0.07552083333333331 
0 0.3294270833333325 0.3346354166666667 0.1276041666666649 0.24218750000000003 
0 0.299479166666665 0.453125 0.1250000000000003 0.2760416666666667 
0 0.0833333333333326 0.5833333333333334 0.1354166666666652 0.328125 
0 0.2903645833333325 0.5260416666666666 0.1276041666666649 0.29687499999999994 
0 0.20052083333333498 0.68359375 0.17187499999999972 0.3046875 
