1 0.453125 0.18098958333333331 0.11458333333332976 0.24218749999999997 
0 0.5468749999999998 0.42187500000000006 0.10937499999999967 0.2500000000000001 
0 0.5559895833333324 0.6067708333333334 0.14322916666666485 0.2604166666666667 
0 0.5598958333333326 0.7864583333333335 0.1510416666666652 0.3437500000000001 
1 0.6692708333333324 0.9270833333333334 0.16145833333333515 0.21354166666666674 
2 0.30078124999999734 0.17594401041666669 0.04947916666666485 0.06085266729797917 
0 0.06119791666666755 0.44791666666666663 0.1223958333333351 0.2916666666666667 
0 0.16145833333333243 0.375 0.15104166666666488 0.24479166666666669 
0 0.2942708333333351 0.5677083333333334 0.12499999999999997 0.42708333333333326 
0 0.3502604166666675 0.6432291666666667 0.1432291666666649 0.328125 
