1 0.5169270833333326 0.9023437500000001 0.1744791666666652 0.25260416666666674 
1 0.4583333333333325 0.17447916666666669 0.09895833333333509 0.24479166666666666 
0 0.5963541666666649 0.4049479166666667 0.109375 0.25260416666666663 
0 0.5585937500000002 0.5651041666666667 0.14843750000000033 0.30729166666666663 
0 0.8776041666666676 0.45572916666666674 0.15104166666666485 0.2916666666666668 
0 0.8020833333333324 0.6927083333333334 0.19270833333333515 0.3177083333333335 
0 0.25781250000000017 0.38671875 0.13020833333333007 0.27864583333333337 
0 0.19791666666666757 0.48307291666666674 0.1666666666666649 0.26822916666666674 
0 0.125 0.7278645833333335 0.21875 0.3203125000000001 
0 0.2981770833333351 0.6132812500000001 0.19531249999999997 0.32031250000000006 
