1 0.6184895833333326 0.94140625 0.1848958333333348 0.16927083333333337 
1 0.45703125 0.17968750000000003 0.09635416666667024 0.25520833333333337 
0 0.7408854166666649 0.5078125 0.1328125 0.296875 
0 0.75390625 0.5455729166666667 0.09114583333333104 0.27343750000000006 
0 0.8033854166666676 0.5078125000000001 0.08072916666666485 0.32812500000000006 
0 0.8763020833333324 0.5 0.09114583333333515 0.30208333333333337 
0 0.8541666666666649 0.5416666666666667 0.078125 0.29166666666666674 
0 0.0234375 0.5299479166666667 0.046875 0.32031250000000006 
0 0.08203125 0.5247395833333334 0.11197916666667022 0.3255208333333334 
0 0.0690104166666674 0.57421875 0.11197916666666519 0.31510416666666663 
0 0.17968750000000017 0.5364583333333334 0.1302083333333301 0.296875 
