1 0.390625 0.9166666666666667 0.17708333333333037 0.2343750000000001 
1 0.45963541666666485 0.16927083333333331 0.08593749999999994 0.24999999999999997 
2 0.6015625000000002 0.11197916666666666 0.06770833333333004 0.07291666666666667 
0 0.8151041666666672 0.35286458333333337 0.13541666666666552 0.3046875 
0 0.6783854166666649 0.45833333333333337 0.1328125 0.24479166666666669 
0 0.6783854166666674 0.6380208333333333 0.1744791666666652 0.29166666666666663 
0 0.90625 0.5416666666666667 0.1145833333333297 0.31250000000000006 
0 0.9622395833333324 0.45442708333333337 0.07552083333333515 0.2734375 
0 0.4192708333333326 0.34765625 0.11979166666666519 0.3776041666666667 
0 0.4375 0.36328125 0.13623046875 0.3307291666666667 
0 0.24609375 0.5442708333333334 0.1484375 0.2864583333333334 
