1 0.7083333333333326 0.91015625 0.15104166666666452 0.2421875 
1 0.4283854166666674 0.17578125 0.1685646186440648 0.25260416666666663 
0 0.9361979166666676 0.53515625 0.09051452020202488 0.3151041666666667 
0 0.8346354166666649 0.45572916666666674 0.1015625 0.28125000000000006 
0 0.8854166666666676 0.44010416666666663 0.08333333333333515 0.2916666666666667 
0 0.04166666666666755 0.4921875 0.0833333333333351 0.29687499999999994 
0 0.0234375 0.53515625 0.046875 0.32552083333333337 
0 0.08984375 0.5091145833333334 0.09114583333332976 0.3255208333333334 
0 0.1236979166666674 0.47005208333333337 0.09114583333333481 0.33593750000000006 
0 0.11979166666666488 0.5338541666666667 0.10937499999999999 0.30208333333333337 
