0 0.8580729166666649 0.67578125 0.0859375 0.27864583333333337 
0 0.8229166666666652 0.625 0.10937500000000067 0.22916666666666663 
0 0.9114583333333351 0.6458333333333334 0.078125 0.203125 
0 0.890625 0.59375 0.0833333333333297 0.16145833333333326 
0 0.9414062499999997 0.609375 0.08072916666666963 0.17708333333333337 
0 0.10546875 0.55078125 0.09635416666667024 0.20052083333333337 
0 0.14192708333333495 0.5442708333333334 0.08593749999999971 0.1875 
0 0.15885416666666488 0.5885416666666667 0.07812499999999999 0.203125 
0 0.21093750000000014 0.5234375 0.0885416666666699 0.18229166666666669 
0 0.21484375 0.5755208333333334 0.09635416666666963 0.21875 
1 0.55078125 0.3372395833333333 0.12760416666667024 0.17968749999999997 
0 0.9427083333333324 0.6744791666666666 0.11458333333333515 0.25 
