2 0.8098958333333324 0.8895314534505209 0.06770833333333515 0.05982374108356048 
1 0.5729166666666676 0.3502604166666667 0.07291666666666485 0.17447916666666663 
0 0.7044270833333351 0.5638020833333334 0.1015625 0.1953125 
0 0.765625 0.6901041666666667 0.09375 0.28645833333333337 
0 0.8372395833333324 0.6328125 0.11197916666666485 0.24479166666666663 
0 0.9635416666666676 0.46614583333333337 0.07291666666666485 0.19270833333333343 
0 0.9661458333333324 0.6549479166666667 0.06770833333333515 0.23177083333333337 
0 0.12499999999999986 0.65234375 0.11979166666666992 0.24739583333333337 
0 0.4427083333333349 0.5794270833333334 0.10937499999999972 0.2265625 
0 0.4114583333333351 0.6888020833333334 0.125 0.26822916666666674 
0 0.5247395833333326 0.43489583333333337 0.06510416666666519 0.15625 
