0 0.48828125 0.6069793701171871 0.1015625 0.2134744223062094 
1 0.5729166666666676 0.34375 0.08333333333333515 0.15625000000000006 
0 0.62890625 0.5013020833333334 0.1119791666666703 0.15364583333333343 
0 0.03776041666666755 0.6315104166666667 0.0755208333333351 0.2109375 
0 0.6302083333333351 0.6119791666666667 0.09375 0.21875 
0 0.6640625 0.65234375 0.109375 0.2265625 
0 0.92578125 0.5390625 0.1067708333333297 0.22395833333333343 
2 0.44921875 0.3541666666666667 0.05989583333333037 0.05729166666666663 
0 0.06770833333333245 0.5520833333333334 0.1041666666666649 0.171875 
0 0.31640625 0.5533854166666667 0.12239583333332982 0.19531250000000006 
