0 0.2018229166666674 0.6171875 0.11197916666666519 0.2500000000000001 
0 0.23958333333333243 0.6002604166666667 0.08333333333333512 0.21614583333333348 
0 0.2630208333333326 0.59375 0.08854166666666519 0.203125 
1 0.5690104166666676 0.3541666666666667 0.07552083333333515 0.16666666666666663 
0 0.3229166666666675 0.6484375 0.10416666666666491 0.22916666666666685 
0 0.9635416666666676 0.5690104166666667 0.07291666666666485 0.13802083333333337 
0 0.4062499999999999 0.6119791666666667 0.1041666666666699 0.22395833333333337 
0 0.8125 0.5638020833333334 0.0833333333333297 0.22135416666666657 
0 0.8619791666666649 0.6263020833333334 0.09375 0.2265625 
0 0.9739583333333324 0.6302083333333334 0.05208333333333515 0.21875 
0 0.9635416666666676 0.6575520833333334 0.07291666666666485 0.20572916666666674 
