0 0.8554687500000003 0.47135416666666674 0.11197916666666963 0.18750000000000006 
0 0.71875 0.5768229166666667 0.1197916666666703 0.28906250000000006 
1 0.5729166666666649 0.3463541666666667 0.078125 0.15625 
0 0.48958333333333515 0.7721354166666667 0.15625000000000006 0.3046875000000001 
0 0.75390625 0.6067708333333334 0.1901041666666703 0.296875 
0 0.9204794167383075 0.8658854166666667 0.15904116652338496 0.3046875 
0 0.14453125000000017 0.5481770833333334 0.11197916666666993 0.1640625 
0 0.5195312500000001 0.5625 0.0911458333333301 0.19270833333333326 
0 0.52734375 0.6861979166666667 0.10677083333332976 0.2578125 
2 0.7109375 0.39322916666666674 0.04166666666667029 0.046875000000000056 
