0 0.14322916666666488 0.5260416666666667 0.07812499999999999 0.20833333333333331 
1 0.6562499999999998 0.9986979166666667 0.11458333333333004 0.0703125 
1 0.552083333333335 0.22005208333333334 0.09374999999999967 0.18489583333333331 
0 0.7369791666666676 0.44531250000000006 0.08854166666666485 0.19270833333333337 
0 0.71875 0.5442708333333334 0.09375 0.23958333333333331 
0 0.7604166666666649 0.5755208333333334 0.140625 0.22916666666666669 
0 0.8841145833333324 0.51171875 0.17447916666666485 0.21614583333333326 
0 0.8763020833333324 0.6875 0.12239583333333515 0.265625 
0 0.298177083333335 0.47135416666666674 0.1640624999999997 0.2135416666666668 
0 0.2161458333333348 0.55078125 0.09375 0.2526041666666667 
0 0.1783854166666652 0.5833333333333334 0.1015625 0.2864583333333334 
0 0.0973409016927076 0.5768229166666667 0.08377567414314502 0.25260416666666674 
