0 0.9609375 0.54296875 0.078125 0.2265625 
1 0.4674479166666674 0.9791666666666667 0.1276041666666652 0.11458333333333337 
1 0.552083333333335 0.21744791666666666 0.09374999999999967 0.18489583333333331 
0 0.6158854166666677 0.5481770833333334 0.12239583333333481 0.2682291666666667 
0 0.6966145833333351 0.5833333333333334 0.0859375 0.265625 
0 0.7630208333333324 0.5312500000000001 0.08854166666666485 0.23437500000000006 
0 0.3164062500000001 0.47786458333333337 0.0911458333333301 0.21614583333333331 
0 0.05859375 0.8528645833333334 0.1171875 0.2578125 
0 0.05078125 0.47395833333333337 0.1015625 0.22395833333333331 
0 0.3671874999999999 0.4440104166666667 0.1041666666666699 0.16927083333333337 
