0 0.9544270833333324 0.5494791666666667 0.09114583333333515 0.22916666666666663 
1 0.4309895833333348 0.9869791666666667 0.1328125 0.09895833333333337 
1 0.549479166666665 0.22135416666666669 0.09375000000000033 0.19270833333333337 
0 0.62890625 0.5455729166666667 0.0911458333333297 0.27343750000000006 
0 0.6953125 0.5911458333333334 0.0885416666666703 0.2760416666666666 
0 0.76953125 0.5377604166666667 0.1015625 0.2421874999999999 
0 0.3190104166666674 0.49348958333333337 0.09114583333333481 0.20572916666666674 
0 0.3763020833333349 0.4440104166666667 0.10156250000000028 0.16927083333333337 
0 0.05338541666666741 0.47916666666666663 0.10677083333333481 0.22916666666666669 
0 0.05598958333333259 0.8528645833333334 0.11197916666666519 0.2578125 
