0 0.8619791666666649 0.5221354166666667 0.140625 0.21614583333333331 
0 0.9557291666666676 0.44270833333333337 0.08854166666666485 0.16666666666666674 
0 0.7265625 0.3745574951171875 0.09375 0.18039449055989581 
1 0.5403645833333351 0.20572916666666669 0.0703125 0.10937500000000003 
0 0.20052083333333498 0.41145833333333337 0.0937499999999997 0.17708333333333331 
0 0.6640625 0.44270833333333337 0.0989583333333297 0.19791666666666669 
2 0.6940104166666649 0.29296875 0.0390625 0.039062499999999944 
0 0.47265625000000017 0.39453125 0.08593750000000033 0.17447916666666669 
0 0.4921875 0.4635416666666667 0.08333333333332976 0.18229166666666663 
0 0.4270833333333325 0.60546875 0.1354166666666649 0.22135416666666669 
0 0.05078125 0.47135416666666674 0.1015625 0.17187500000000006 
0 0.046875 0.63671875 0.09375 0.22135416666666663 
