1 0.5338541666666649 0.19791666666666669 0.07812499999999994 0.109375 
0 0.9075520833333351 0.42838541666666674 0.1171875 0.18489583333333331 
0 0.584635416666665 0.42317708333333337 0.10156250000000033 0.1953125 
0 0.63671875 0.48046875 0.0963541666666703 0.2109375 
0 0.703125 0.6875 0.1770833333333297 0.26041666666666663 
0 0.08072916666666519 0.5442708333333334 0.140625 0.16145833333333331 
0 0.22526041666666502 0.3619791666666667 0.0859375000000003 0.15625 
0 0.2174479166666652 0.5338541666666667 0.1015625 0.22395833333333331 
0 0.4257812500000001 0.515625 0.1067708333333301 0.20833333333333326 
2 0.21614583333333243 0.3190104166666667 0.04166666666666488 0.0390625 
