0 0.7005208333333326 0.7760416666666667 0.1614583333333348 0.26041666666666674 
0 0.9557291666666674 0.6640625000000001 0.08854166666666519 0.19791666666666674 
0 0.7005208333333326 0.7760416666666667 0.1614583333333348 0.26041666666666674 
0 0.9557291666666674 0.6640625000000001 0.08854166666666519 0.19791666666666674 
0 0.7005208333333326 0.7760416666666667 0.1614583333333348 0.26041666666666674 
0 0.9557291666666674 0.6640625000000001 0.08854166666666519 0.19791666666666674 
0 0.7005208333333326 0.7760416666666667 0.1614583333333348 0.26041666666666674 
0 0.9557291666666674 0.6640625000000001 0.08854166666666519 0.19791666666666674 
0 0.7005208333333326 0.7760416666666667 0.1614583333333348 0.26041666666666674 
0 0.9557291666666674 0.6640625000000001 0.08854166666666519 0.19791666666666674 
0 0.7005208333333326 0.7760416666666667 0.1614583333333348 0.26041666666666674 
0 0.9557291666666674 0.6640625000000001 0.08854166666666519 0.19791666666666674 
0 0.7005208333333326 0.7760416666666667 0.1614583333333348 0.26041666666666674 
0 0.9557291666666674 0.6640625000000001 0.08854166666666519 0.19791666666666674 
0 0.7005208333333326 0.7760416666666667 0.1614583333333348 0.26041666666666674 
0 0.9557291666666674 0.6640625000000001 0.08854166666666519 0.19791666666666674 
0 0.7005208333333326 0.7760416666666667 0.1614583333333348 0.26041666666666674 
0 0.9557291666666674 0.6640625000000001 0.08854166666666519 0.19791666666666674 
0 0.7005208333333326 0.7760416666666667 0.1614583333333348 0.26041666666666674 
0 0.9557291666666674 0.6640625000000001 0.08854166666666519 0.19791666666666674 
0 0.7005208333333326 0.7760416666666667 0.1614583333333348 0.26041666666666674 
0 0.9557291666666674 0.6640625000000001 0.08854166666666519 0.19791666666666674 
0 0.7005208333333326 0.7760416666666667 0.1614583333333348 0.26041666666666674 
0 0.9557291666666674 0.6640625000000001 0.08854166666666519 0.19791666666666674 
0 0.7005208333333326 0.7760416666666667 0.1614583333333348 0.26041666666666674 
0 0.9557291666666674 0.6640625000000001 0.08854166666666519 0.19791666666666674 
0 0.7005208333333326 0.7760416666666667 0.1614583333333348 0.26041666666666674 
0 0.9557291666666674 0.6640625000000001 0.08854166666666519 0.19791666666666674 
0 0.7005208333333326 0.7760416666666667 0.1614583333333348 0.26041666666666674 
0 0.9557291666666674 0.6640625000000001 0.08854166666666519 0.19791666666666674 
0 0.7005208333333326 0.7760416666666667 0.1614583333333348 0.26041666666666674 
0 0.9557291666666674 0.6640625000000001 0.08854166666666519 0.19791666666666674 
0 0.7005208333333326 0.7760416666666667 0.1614583333333348 0.26041666666666674 
0 0.9557291666666674 0.6640625000000001 0.08854166666666519 0.19791666666666674 
0 0.7005208333333326 0.7760416666666667 0.1614583333333348 0.26041666666666674 
0 0.9557291666666674 0.6640625000000001 0.08854166666666519 0.19791666666666674 
0 0.7005208333333326 0.7760416666666667 0.1614583333333348 0.26041666666666674 
0 0.9557291666666674 0.6640625000000001 0.08854166666666519 0.19791666666666674 
0 0.7005208333333326 0.7760416666666667 0.1614583333333348 0.26041666666666674 
0 0.9557291666666674 0.6640625000000001 0.08854166666666519 0.19791666666666674 
0 0.7005208333333326 0.7760416666666667 0.1614583333333348 0.26041666666666674 
0 0.9557291666666674 0.6640625000000001 0.08854166666666519 0.19791666666666674 
0 0.7005208333333326 0.7760416666666667 0.1614583333333348 0.26041666666666674 
0 0.9557291666666674 0.6640625000000001 0.08854166666666519 0.19791666666666674 
0 0.7005208333333326 0.7760416666666667 0.1614583333333348 0.26041666666666674 
0 0.9557291666666674 0.6640625000000001 0.08854166666666519 0.19791666666666674 
0 0.7005208333333326 0.7760416666666667 0.1614583333333348 0.26041666666666674 
0 0.9557291666666674 0.6640625000000001 0.08854166666666519 0.19791666666666674 
0 0.7005208333333326 0.7760416666666667 0.1614583333333348 0.26041666666666674 
0 0.9557291666666674 0.6640625000000001 0.08854166666666519 0.19791666666666674 
0 0.7005208333333326 0.7760416666666667 0.1614583333333348 0.26041666666666674 
0 0.9557291666666674 0.6640625000000001 0.08854166666666519 0.19791666666666674 
0 0.7005208333333326 0.7760416666666667 0.1614583333333348 0.26041666666666674 
0 0.9557291666666674 0.6640625000000001 0.08854166666666519 0.19791666666666674 
0 0.7005208333333326 0.7760416666666667 0.1614583333333348 0.26041666666666674 
0 0.9557291666666674 0.6640625000000001 0.08854166666666519 0.19791666666666674 
0 0.7005208333333326 0.7760416666666667 0.1614583333333348 0.26041666666666674 
0 0.9557291666666674 0.6640625000000001 0.08854166666666519 0.19791666666666674 
0 0.7005208333333326 0.7760416666666667 0.1614583333333348 0.26041666666666674 
0 0.9557291666666674 0.6640625000000001 0.08854166666666519 0.19791666666666674 
