0 0.6744791666666676 0.43619791666666663 0.10416666666666485 0.19531249999999994 
0 0.48437499999999983 0.43880208333333337 0.07812499999999967 0.15885416666666674 
0 0.4570312499999999 0.6770833333333334 0.1276041666666699 0.234375 
0 0.9453125 0.38411458333333337 0.1041666666666703 0.16927083333333337 
0 0.74609375 0.453125 0.1171875 0.21354166666666669 
2 0.68359375 0.2955729166666667 0.04427083333332971 0.04947916666666663 
0 0.4895833333333324 0.50390625 0.08854166666666485 0.20572916666666669 
0 0.20052083333333243 0.45442708333333337 0.11458333333333512 0.17968750000000006 
1 0.5338541666666676 0.20572916666666669 0.08333333333333515 0.125 
0 0.93359375 0.6145833333333334 0.1171875 0.21354166666666674 
