1 0.5338541666666649 0.20052083333333334 0.07812499999999994 0.11458333333333331 
0 0.16666666666666757 0.7017059326171875 0.14583333333333512 0.17651911299358136 
0 0.07421875 0.5716145833333334 0.1328125 0.1953125 
0 0.3763020833333326 0.37890625 0.09635416666666519 0.16927083333333337 
0 0.4374999999999999 0.5060628255208339 0.0885416666666699 0.16246773346125726 
0 0.21484375 0.5768229166666667 0.09635416666666963 0.1328125 
0 0.22265624999999983 0.734375 0.15885416666666993 0.22395833333333337 
2 0.3033854166666675 0.40364583333333337 0.05989583333333509 0.052083333333333315 
0 0.9557291666666676 0.43619791666666674 0.08854166666666485 0.16927083333333331 
0 0.7018229166666674 0.4518229166666667 0.12239583333333548 0.15885416666666663 
0 0.5820312500000002 0.6158854166666667 0.10677083333333004 0.1953125 
0 0.6080729166666676 0.7486979166666667 0.14322916666666485 0.28385416666666663 
