1 0.5338541666666674 0.20442708333333334 0.07291666666666519 0.11197916666666669 
0 0.04296875 0.5390625 0.0859375 0.17187499999999994 
0 0.09244791666666488 0.45963541666666663 0.1015625 0.14843749999999994 
0 0.3216145833333326 0.38411458333333337 0.08072916666666519 0.18489583333333331 
0 0.9661458333333324 0.6525522867838547 0.06770833333333515 0.2198636090313949 
0 0.6054687499999998 0.6028645833333334 0.08593750000000033 0.22656250000000006 
0 0.69140625 0.5104166666666666 0.0911458333333297 0.21874999999999994 
0 0.9322916666666676 0.4596354166666667 0.11458333333333515 0.20052083333333337 
0 0.3789062500000001 0.4596354166666667 0.0911458333333301 0.14322916666666663 
0 0.609375 0.5546875 0.0833333333333297 0.18229166666666669 
1 0.5338541666666674 0.20442708333333334 0.07291666666666519 0.11197916666666669 
0 0.04296875 0.5390625 0.0859375 0.17187499999999994 
0 0.09244791666666488 0.45963541666666663 0.1015625 0.14843749999999994 
0 0.3216145833333326 0.38411458333333337 0.08072916666666519 0.18489583333333331 
0 0.9661458333333324 0.6525522867838547 0.06770833333333515 0.2198636090313949 
0 0.6054687499999998 0.6028645833333334 0.08593750000000033 0.22656250000000006 
0 0.69140625 0.5104166666666666 0.0911458333333297 0.21874999999999994 
0 0.9322916666666676 0.4596354166666667 0.11458333333333515 0.20052083333333337 
0 0.3789062500000001 0.4596354166666667 0.0911458333333301 0.14322916666666663 
0 0.609375 0.5546875 0.0833333333333297 0.18229166666666669 
1 0.5338541666666674 0.20442708333333334 0.07291666666666519 0.11197916666666669 
0 0.04296875 0.5390625 0.0859375 0.17187499999999994 
0 0.09244791666666488 0.45963541666666663 0.1015625 0.14843749999999994 
0 0.3216145833333326 0.38411458333333337 0.08072916666666519 0.18489583333333331 
0 0.9661458333333324 0.6525522867838547 0.06770833333333515 0.2198636090313949 
0 0.6054687499999998 0.6028645833333334 0.08593750000000033 0.22656250000000006 
0 0.69140625 0.5104166666666666 0.0911458333333297 0.21874999999999994 
0 0.9322916666666676 0.4596354166666667 0.11458333333333515 0.20052083333333337 
0 0.3789062500000001 0.4596354166666667 0.0911458333333301 0.14322916666666663 
0 0.609375 0.5546875 0.0833333333333297 0.18229166666666669 
1 0.5338541666666674 0.20442708333333334 0.07291666666666519 0.11197916666666669 
0 0.04296875 0.5390625 0.0859375 0.17187499999999994 
0 0.09244791666666488 0.45963541666666663 0.1015625 0.14843749999999994 
0 0.3216145833333326 0.38411458333333337 0.08072916666666519 0.18489583333333331 
0 0.9661458333333324 0.6525522867838547 0.06770833333333515 0.2198636090313949 
0 0.6054687499999998 0.6028645833333334 0.08593750000000033 0.22656250000000006 
0 0.69140625 0.5104166666666666 0.0911458333333297 0.21874999999999994 
0 0.9322916666666676 0.4596354166666667 0.11458333333333515 0.20052083333333337 
0 0.3789062500000001 0.4596354166666667 0.0911458333333301 0.14322916666666663 
0 0.609375 0.5546875 0.0833333333333297 0.18229166666666669 
1 0.5338541666666674 0.20442708333333334 0.07291666666666519 0.11197916666666669 
0 0.04296875 0.5390625 0.0859375 0.17187499999999994 
0 0.09244791666666488 0.45963541666666663 0.1015625 0.14843749999999994 
0 0.3216145833333326 0.38411458333333337 0.08072916666666519 0.18489583333333331 
0 0.9661458333333324 0.6525522867838547 0.06770833333333515 0.2198636090313949 
0 0.6054687499999998 0.6028645833333334 0.08593750000000033 0.22656250000000006 
0 0.69140625 0.5104166666666666 0.0911458333333297 0.21874999999999994 
0 0.9322916666666676 0.4596354166666667 0.11458333333333515 0.20052083333333337 
0 0.3789062500000001 0.4596354166666667 0.0911458333333301 0.14322916666666663 
0 0.609375 0.5546875 0.0833333333333297 0.18229166666666669 
1 0.5338541666666674 0.20442708333333334 0.07291666666666519 0.11197916666666669 
0 0.04296875 0.5390625 0.0859375 0.17187499999999994 
0 0.09244791666666488 0.45963541666666663 0.1015625 0.14843749999999994 
0 0.3216145833333326 0.38411458333333337 0.08072916666666519 0.18489583333333331 
0 0.9661458333333324 0.6525522867838547 0.06770833333333515 0.2198636090313949 
0 0.6054687499999998 0.6028645833333334 0.08593750000000033 0.22656250000000006 
0 0.69140625 0.5104166666666666 0.0911458333333297 0.21874999999999994 
0 0.9322916666666676 0.4596354166666667 0.11458333333333515 0.20052083333333337 
0 0.3789062500000001 0.4596354166666667 0.0911458333333301 0.14322916666666663 
0 0.609375 0.5546875 0.0833333333333297 0.18229166666666669 
1 0.5338541666666674 0.20442708333333334 0.07291666666666519 0.11197916666666669 
0 0.04296875 0.5390625 0.0859375 0.17187499999999994 
0 0.09244791666666488 0.45963541666666663 0.1015625 0.14843749999999994 
0 0.3216145833333326 0.38411458333333337 0.08072916666666519 0.18489583333333331 
0 0.9661458333333324 0.6525522867838547 0.06770833333333515 0.2198636090313949 
0 0.6054687499999998 0.6028645833333334 0.08593750000000033 0.22656250000000006 
0 0.69140625 0.5104166666666666 0.0911458333333297 0.21874999999999994 
0 0.9322916666666676 0.4596354166666667 0.11458333333333515 0.20052083333333337 
0 0.3789062500000001 0.4596354166666667 0.0911458333333301 0.14322916666666663 
0 0.609375 0.5546875 0.0833333333333297 0.18229166666666669 
1 0.5338541666666674 0.20442708333333334 0.07291666666666519 0.11197916666666669 
0 0.04296875 0.5390625 0.0859375 0.17187499999999994 
0 0.09244791666666488 0.45963541666666663 0.1015625 0.14843749999999994 
0 0.3216145833333326 0.38411458333333337 0.08072916666666519 0.18489583333333331 
0 0.9661458333333324 0.6525522867838547 0.06770833333333515 0.2198636090313949 
0 0.6054687499999998 0.6028645833333334 0.08593750000000033 0.22656250000000006 
0 0.69140625 0.5104166666666666 0.0911458333333297 0.21874999999999994 
0 0.9322916666666676 0.4596354166666667 0.11458333333333515 0.20052083333333337 
0 0.3789062500000001 0.4596354166666667 0.0911458333333301 0.14322916666666663 
0 0.609375 0.5546875 0.0833333333333297 0.18229166666666669 
1 0.5338541666666674 0.20442708333333334 0.07291666666666519 0.11197916666666669 
0 0.04296875 0.5390625 0.0859375 0.17187499999999994 
0 0.09244791666666488 0.45963541666666663 0.1015625 0.14843749999999994 
0 0.3216145833333326 0.38411458333333337 0.08072916666666519 0.18489583333333331 
0 0.9661458333333324 0.6525522867838547 0.06770833333333515 0.2198636090313949 
0 0.6054687499999998 0.6028645833333334 0.08593750000000033 0.22656250000000006 
0 0.69140625 0.5104166666666666 0.0911458333333297 0.21874999999999994 
0 0.9322916666666676 0.4596354166666667 0.11458333333333515 0.20052083333333337 
0 0.3789062500000001 0.4596354166666667 0.0911458333333301 0.14322916666666663 
0 0.609375 0.5546875 0.0833333333333297 0.18229166666666669 
1 0.5338541666666674 0.20442708333333334 0.07291666666666519 0.11197916666666669 
0 0.04296875 0.5390625 0.0859375 0.17187499999999994 
0 0.09244791666666488 0.45963541666666663 0.1015625 0.14843749999999994 
0 0.3216145833333326 0.38411458333333337 0.08072916666666519 0.18489583333333331 
0 0.9661458333333324 0.6525522867838547 0.06770833333333515 0.2198636090313949 
0 0.6054687499999998 0.6028645833333334 0.08593750000000033 0.22656250000000006 
0 0.69140625 0.5104166666666666 0.0911458333333297 0.21874999999999994 
0 0.9322916666666676 0.4596354166666667 0.11458333333333515 0.20052083333333337 
0 0.3789062500000001 0.4596354166666667 0.0911458333333301 0.14322916666666663 
0 0.609375 0.5546875 0.0833333333333297 0.18229166666666669 
1 0.5338541666666674 0.20442708333333334 0.07291666666666519 0.11197916666666669 
0 0.04296875 0.5390625 0.0859375 0.17187499999999994 
0 0.09244791666666488 0.45963541666666663 0.1015625 0.14843749999999994 
0 0.3216145833333326 0.38411458333333337 0.08072916666666519 0.18489583333333331 
0 0.9661458333333324 0.6525522867838547 0.06770833333333515 0.2198636090313949 
0 0.6054687499999998 0.6028645833333334 0.08593750000000033 0.22656250000000006 
0 0.69140625 0.5104166666666666 0.0911458333333297 0.21874999999999994 
0 0.9322916666666676 0.4596354166666667 0.11458333333333515 0.20052083333333337 
0 0.3789062500000001 0.4596354166666667 0.0911458333333301 0.14322916666666663 
0 0.609375 0.5546875 0.0833333333333297 0.18229166666666669 
1 0.5338541666666674 0.20442708333333334 0.07291666666666519 0.11197916666666669 
0 0.04296875 0.5390625 0.0859375 0.17187499999999994 
0 0.09244791666666488 0.45963541666666663 0.1015625 0.14843749999999994 
0 0.3216145833333326 0.38411458333333337 0.08072916666666519 0.18489583333333331 
0 0.9661458333333324 0.6525522867838547 0.06770833333333515 0.2198636090313949 
0 0.6054687499999998 0.6028645833333334 0.08593750000000033 0.22656250000000006 
0 0.69140625 0.5104166666666666 0.0911458333333297 0.21874999999999994 
0 0.9322916666666676 0.4596354166666667 0.11458333333333515 0.20052083333333337 
0 0.3789062500000001 0.4596354166666667 0.0911458333333301 0.14322916666666663 
0 0.609375 0.5546875 0.0833333333333297 0.18229166666666669 
1 0.5338541666666674 0.20442708333333334 0.07291666666666519 0.11197916666666669 
0 0.04296875 0.5390625 0.0859375 0.17187499999999994 
0 0.09244791666666488 0.45963541666666663 0.1015625 0.14843749999999994 
0 0.3216145833333326 0.38411458333333337 0.08072916666666519 0.18489583333333331 
0 0.9661458333333324 0.6525522867838547 0.06770833333333515 0.2198636090313949 
0 0.6054687499999998 0.6028645833333334 0.08593750000000033 0.22656250000000006 
0 0.69140625 0.5104166666666666 0.0911458333333297 0.21874999999999994 
0 0.9322916666666676 0.4596354166666667 0.11458333333333515 0.20052083333333337 
0 0.3789062500000001 0.4596354166666667 0.0911458333333301 0.14322916666666663 
0 0.609375 0.5546875 0.0833333333333297 0.18229166666666669 
1 0.5338541666666674 0.20442708333333334 0.07291666666666519 0.11197916666666669 
0 0.04296875 0.5390625 0.0859375 0.17187499999999994 
0 0.09244791666666488 0.45963541666666663 0.1015625 0.14843749999999994 
0 0.3216145833333326 0.38411458333333337 0.08072916666666519 0.18489583333333331 
0 0.9661458333333324 0.6525522867838547 0.06770833333333515 0.2198636090313949 
0 0.6054687499999998 0.6028645833333334 0.08593750000000033 0.22656250000000006 
0 0.69140625 0.5104166666666666 0.0911458333333297 0.21874999999999994 
0 0.9322916666666676 0.4596354166666667 0.11458333333333515 0.20052083333333337 
0 0.3789062500000001 0.4596354166666667 0.0911458333333301 0.14322916666666663 
0 0.609375 0.5546875 0.0833333333333297 0.18229166666666669 
1 0.5338541666666674 0.20442708333333334 0.07291666666666519 0.11197916666666669 
0 0.04296875 0.5390625 0.0859375 0.17187499999999994 
0 0.09244791666666488 0.45963541666666663 0.1015625 0.14843749999999994 
0 0.3216145833333326 0.38411458333333337 0.08072916666666519 0.18489583333333331 
0 0.9661458333333324 0.6525522867838547 0.06770833333333515 0.2198636090313949 
0 0.6054687499999998 0.6028645833333334 0.08593750000000033 0.22656250000000006 
0 0.69140625 0.5104166666666666 0.0911458333333297 0.21874999999999994 
0 0.9322916666666676 0.4596354166666667 0.11458333333333515 0.20052083333333337 
0 0.3789062500000001 0.4596354166666667 0.0911458333333301 0.14322916666666663 
0 0.609375 0.5546875 0.0833333333333297 0.18229166666666669 
1 0.5338541666666674 0.20442708333333334 0.07291666666666519 0.11197916666666669 
0 0.04296875 0.5390625 0.0859375 0.17187499999999994 
0 0.09244791666666488 0.45963541666666663 0.1015625 0.14843749999999994 
0 0.3216145833333326 0.38411458333333337 0.08072916666666519 0.18489583333333331 
0 0.9661458333333324 0.6525522867838547 0.06770833333333515 0.2198636090313949 
0 0.6054687499999998 0.6028645833333334 0.08593750000000033 0.22656250000000006 
0 0.69140625 0.5104166666666666 0.0911458333333297 0.21874999999999994 
0 0.9322916666666676 0.4596354166666667 0.11458333333333515 0.20052083333333337 
0 0.3789062500000001 0.4596354166666667 0.0911458333333301 0.14322916666666663 
0 0.609375 0.5546875 0.0833333333333297 0.18229166666666669 
1 0.5338541666666674 0.20442708333333334 0.07291666666666519 0.11197916666666669 
0 0.04296875 0.5390625 0.0859375 0.17187499999999994 
0 0.09244791666666488 0.45963541666666663 0.1015625 0.14843749999999994 
0 0.3216145833333326 0.38411458333333337 0.08072916666666519 0.18489583333333331 
0 0.9661458333333324 0.6525522867838547 0.06770833333333515 0.2198636090313949 
0 0.6054687499999998 0.6028645833333334 0.08593750000000033 0.22656250000000006 
0 0.69140625 0.5104166666666666 0.0911458333333297 0.21874999999999994 
0 0.9322916666666676 0.4596354166666667 0.11458333333333515 0.20052083333333337 
0 0.3789062500000001 0.4596354166666667 0.0911458333333301 0.14322916666666663 
0 0.609375 0.5546875 0.0833333333333297 0.18229166666666669 
1 0.5338541666666674 0.20442708333333334 0.07291666666666519 0.11197916666666669 
0 0.04296875 0.5390625 0.0859375 0.17187499999999994 
0 0.09244791666666488 0.45963541666666663 0.1015625 0.14843749999999994 
0 0.3216145833333326 0.38411458333333337 0.08072916666666519 0.18489583333333331 
0 0.9661458333333324 0.6525522867838547 0.06770833333333515 0.2198636090313949 
0 0.6054687499999998 0.6028645833333334 0.08593750000000033 0.22656250000000006 
0 0.69140625 0.5104166666666666 0.0911458333333297 0.21874999999999994 
0 0.9322916666666676 0.4596354166666667 0.11458333333333515 0.20052083333333337 
0 0.3789062500000001 0.4596354166666667 0.0911458333333301 0.14322916666666663 
0 0.609375 0.5546875 0.0833333333333297 0.18229166666666669 
1 0.5338541666666674 0.20442708333333334 0.07291666666666519 0.11197916666666669 
0 0.04296875 0.5390625 0.0859375 0.17187499999999994 
0 0.09244791666666488 0.45963541666666663 0.1015625 0.14843749999999994 
0 0.3216145833333326 0.38411458333333337 0.08072916666666519 0.18489583333333331 
0 0.9661458333333324 0.6525522867838547 0.06770833333333515 0.2198636090313949 
0 0.6054687499999998 0.6028645833333334 0.08593750000000033 0.22656250000000006 
0 0.69140625 0.5104166666666666 0.0911458333333297 0.21874999999999994 
0 0.9322916666666676 0.4596354166666667 0.11458333333333515 0.20052083333333337 
0 0.3789062500000001 0.4596354166666667 0.0911458333333301 0.14322916666666663 
0 0.609375 0.5546875 0.0833333333333297 0.18229166666666669 
1 0.5338541666666674 0.20442708333333334 0.07291666666666519 0.11197916666666669 
0 0.04296875 0.5390625 0.0859375 0.17187499999999994 
0 0.09244791666666488 0.45963541666666663 0.1015625 0.14843749999999994 
0 0.3216145833333326 0.38411458333333337 0.08072916666666519 0.18489583333333331 
0 0.9661458333333324 0.6525522867838547 0.06770833333333515 0.2198636090313949 
0 0.6054687499999998 0.6028645833333334 0.08593750000000033 0.22656250000000006 
0 0.69140625 0.5104166666666666 0.0911458333333297 0.21874999999999994 
0 0.9322916666666676 0.4596354166666667 0.11458333333333515 0.20052083333333337 
0 0.3789062500000001 0.4596354166666667 0.0911458333333301 0.14322916666666663 
0 0.609375 0.5546875 0.0833333333333297 0.18229166666666669 
1 0.5338541666666674 0.20442708333333334 0.07291666666666519 0.11197916666666669 
0 0.04296875 0.5390625 0.0859375 0.17187499999999994 
0 0.09244791666666488 0.45963541666666663 0.1015625 0.14843749999999994 
0 0.3216145833333326 0.38411458333333337 0.08072916666666519 0.18489583333333331 
0 0.9661458333333324 0.6525522867838547 0.06770833333333515 0.2198636090313949 
0 0.6054687499999998 0.6028645833333334 0.08593750000000033 0.22656250000000006 
0 0.69140625 0.5104166666666666 0.0911458333333297 0.21874999999999994 
0 0.9322916666666676 0.4596354166666667 0.11458333333333515 0.20052083333333337 
0 0.3789062500000001 0.4596354166666667 0.0911458333333301 0.14322916666666663 
0 0.609375 0.5546875 0.0833333333333297 0.18229166666666669 
1 0.5338541666666674 0.20442708333333334 0.07291666666666519 0.11197916666666669 
0 0.04296875 0.5390625 0.0859375 0.17187499999999994 
0 0.09244791666666488 0.45963541666666663 0.1015625 0.14843749999999994 
0 0.3216145833333326 0.38411458333333337 0.08072916666666519 0.18489583333333331 
0 0.9661458333333324 0.6525522867838547 0.06770833333333515 0.2198636090313949 
0 0.6054687499999998 0.6028645833333334 0.08593750000000033 0.22656250000000006 
0 0.69140625 0.5104166666666666 0.0911458333333297 0.21874999999999994 
0 0.9322916666666676 0.4596354166666667 0.11458333333333515 0.20052083333333337 
0 0.3789062500000001 0.4596354166666667 0.0911458333333301 0.14322916666666663 
0 0.609375 0.5546875 0.0833333333333297 0.18229166666666669 
1 0.5338541666666674 0.20442708333333334 0.07291666666666519 0.11197916666666669 
0 0.04296875 0.5390625 0.0859375 0.17187499999999994 
0 0.09244791666666488 0.45963541666666663 0.1015625 0.14843749999999994 
0 0.3216145833333326 0.38411458333333337 0.08072916666666519 0.18489583333333331 
0 0.9661458333333324 0.6525522867838547 0.06770833333333515 0.2198636090313949 
0 0.6054687499999998 0.6028645833333334 0.08593750000000033 0.22656250000000006 
0 0.69140625 0.5104166666666666 0.0911458333333297 0.21874999999999994 
0 0.9322916666666676 0.4596354166666667 0.11458333333333515 0.20052083333333337 
0 0.3789062500000001 0.4596354166666667 0.0911458333333301 0.14322916666666663 
0 0.609375 0.5546875 0.0833333333333297 0.18229166666666669 
1 0.5338541666666674 0.20442708333333334 0.07291666666666519 0.11197916666666669 
0 0.04296875 0.5390625 0.0859375 0.17187499999999994 
0 0.09244791666666488 0.45963541666666663 0.1015625 0.14843749999999994 
0 0.3216145833333326 0.38411458333333337 0.08072916666666519 0.18489583333333331 
0 0.9661458333333324 0.6525522867838547 0.06770833333333515 0.2198636090313949 
0 0.6054687499999998 0.6028645833333334 0.08593750000000033 0.22656250000000006 
0 0.69140625 0.5104166666666666 0.0911458333333297 0.21874999999999994 
0 0.9322916666666676 0.4596354166666667 0.11458333333333515 0.20052083333333337 
0 0.3789062500000001 0.4596354166666667 0.0911458333333301 0.14322916666666663 
0 0.609375 0.5546875 0.0833333333333297 0.18229166666666669 
1 0.5338541666666674 0.20442708333333334 0.07291666666666519 0.11197916666666669 
0 0.04296875 0.5390625 0.0859375 0.17187499999999994 
0 0.09244791666666488 0.45963541666666663 0.1015625 0.14843749999999994 
0 0.3216145833333326 0.38411458333333337 0.08072916666666519 0.18489583333333331 
0 0.9661458333333324 0.6525522867838547 0.06770833333333515 0.2198636090313949 
0 0.6054687499999998 0.6028645833333334 0.08593750000000033 0.22656250000000006 
0 0.69140625 0.5104166666666666 0.0911458333333297 0.21874999999999994 
0 0.9322916666666676 0.4596354166666667 0.11458333333333515 0.20052083333333337 
0 0.3789062500000001 0.4596354166666667 0.0911458333333301 0.14322916666666663 
0 0.609375 0.5546875 0.0833333333333297 0.18229166666666669 
1 0.5338541666666674 0.20442708333333334 0.07291666666666519 0.11197916666666669 
0 0.04296875 0.5390625 0.0859375 0.17187499999999994 
0 0.09244791666666488 0.45963541666666663 0.1015625 0.14843749999999994 
0 0.3216145833333326 0.38411458333333337 0.08072916666666519 0.18489583333333331 
0 0.9661458333333324 0.6525522867838547 0.06770833333333515 0.2198636090313949 
0 0.6054687499999998 0.6028645833333334 0.08593750000000033 0.22656250000000006 
0 0.69140625 0.5104166666666666 0.0911458333333297 0.21874999999999994 
0 0.9322916666666676 0.4596354166666667 0.11458333333333515 0.20052083333333337 
0 0.3789062500000001 0.4596354166666667 0.0911458333333301 0.14322916666666663 
0 0.609375 0.5546875 0.0833333333333297 0.18229166666666669 
1 0.5338541666666674 0.20442708333333334 0.07291666666666519 0.11197916666666669 
0 0.04296875 0.5390625 0.0859375 0.17187499999999994 
0 0.09244791666666488 0.45963541666666663 0.1015625 0.14843749999999994 
0 0.3216145833333326 0.38411458333333337 0.08072916666666519 0.18489583333333331 
0 0.9661458333333324 0.6525522867838547 0.06770833333333515 0.2198636090313949 
0 0.6054687499999998 0.6028645833333334 0.08593750000000033 0.22656250000000006 
0 0.69140625 0.5104166666666666 0.0911458333333297 0.21874999999999994 
0 0.9322916666666676 0.4596354166666667 0.11458333333333515 0.20052083333333337 
0 0.3789062500000001 0.4596354166666667 0.0911458333333301 0.14322916666666663 
0 0.609375 0.5546875 0.0833333333333297 0.18229166666666669 
1 0.5338541666666674 0.20442708333333334 0.07291666666666519 0.11197916666666669 
0 0.04296875 0.5390625 0.0859375 0.17187499999999994 
0 0.09244791666666488 0.45963541666666663 0.1015625 0.14843749999999994 
0 0.3216145833333326 0.38411458333333337 0.08072916666666519 0.18489583333333331 
0 0.9661458333333324 0.6525522867838547 0.06770833333333515 0.2198636090313949 
0 0.6054687499999998 0.6028645833333334 0.08593750000000033 0.22656250000000006 
0 0.69140625 0.5104166666666666 0.0911458333333297 0.21874999999999994 
0 0.9322916666666676 0.4596354166666667 0.11458333333333515 0.20052083333333337 
0 0.3789062500000001 0.4596354166666667 0.0911458333333301 0.14322916666666663 
0 0.609375 0.5546875 0.0833333333333297 0.18229166666666669 
1 0.5338541666666674 0.20442708333333334 0.07291666666666519 0.11197916666666669 
0 0.04296875 0.5390625 0.0859375 0.17187499999999994 
0 0.09244791666666488 0.45963541666666663 0.1015625 0.14843749999999994 
0 0.3216145833333326 0.38411458333333337 0.08072916666666519 0.18489583333333331 
0 0.9661458333333324 0.6525522867838547 0.06770833333333515 0.2198636090313949 
0 0.6054687499999998 0.6028645833333334 0.08593750000000033 0.22656250000000006 
0 0.69140625 0.5104166666666666 0.0911458333333297 0.21874999999999994 
0 0.9322916666666676 0.4596354166666667 0.11458333333333515 0.20052083333333337 
0 0.3789062500000001 0.4596354166666667 0.0911458333333301 0.14322916666666663 
0 0.609375 0.5546875 0.0833333333333297 0.18229166666666669 
1 0.5338541666666674 0.20442708333333334 0.07291666666666519 0.11197916666666669 
0 0.04296875 0.5390625 0.0859375 0.17187499999999994 
0 0.09244791666666488 0.45963541666666663 0.1015625 0.14843749999999994 
0 0.3216145833333326 0.38411458333333337 0.08072916666666519 0.18489583333333331 
0 0.9661458333333324 0.6525522867838547 0.06770833333333515 0.2198636090313949 
0 0.6054687499999998 0.6028645833333334 0.08593750000000033 0.22656250000000006 
0 0.69140625 0.5104166666666666 0.0911458333333297 0.21874999999999994 
0 0.9322916666666676 0.4596354166666667 0.11458333333333515 0.20052083333333337 
0 0.3789062500000001 0.4596354166666667 0.0911458333333301 0.14322916666666663 
0 0.609375 0.5546875 0.0833333333333297 0.18229166666666669 
