1 0.5338541666666649 0.22135416666666669 0.07812499999999994 0.14062500000000008 
0 0.029947916666667556 0.52734375 0.05989583333333511 0.20572916666666669 
0 0.12890625 0.44140625000000006 0.1015625 0.16927083333333337 
0 0.3619791666666674 0.38020833333333337 0.08333333333333481 0.17187500000000006 
0 0.3007812500000001 0.4765625 0.0911458333333301 0.15624999999999994 
0 0.1458333333333351 0.74609375 0.140625 0.24739583333333337 
0 0.6145833333333351 0.49869791666666674 0.09375 0.20052083333333331 
0 0.6822916666666676 0.4869791666666667 0.07291666666666485 0.19791666666666663 
0 0.6432291666666649 0.5390625 0.109375 0.19791666666666669 
0 0.9322916666666676 0.48437500000000006 0.11979166666666485 0.1875000000000001 
