1 0.5325520833333325 0.19270833333333334 0.07552083333333509 0.109375 
0 0.1015625 0.44791666666666674 0.109375 0.15625000000000006 
0 0.2265625 0.46614583333333337 0.1354166666666702 0.13541666666666657 
0 0.467447916666665 0.6692708333333334 0.13281249999999967 0.19791666666666674 
0 0.48567708333333515 0.734375 0.11718750000000006 0.2187500000000001 
0 0.8515625 0.49609375 0.1197916666666703 0.19010416666666669 
0 0.6770833333333351 0.5208333333333334 0.125 0.19791666666666657 
0 0.64453125 0.6263020833333334 0.1171875 0.2265625 
0 0.6328124999999998 0.7929687500000001 0.14062500000000033 0.2109375 
0 0.79296875 0.5794270833333334 0.1380208333333297 0.20572916666666669 
2 0.60546875 0.4166666666666667 0.04427083333332971 0.04166666666666663 
0 0.890625 0.6977996826171875 0.1354166666666703 0.2087986672571458 
