1 0.55859375 0.23046875 0.1119791666666703 0.15364583333333334 
0 0.9596354166666676 0.6575520833333333 0.08072916666666485 0.21614583333333337 
0 0.61328125 0.48046875000000006 0.0911458333333297 0.20052083333333337 
0 0.6002604166666674 0.5846354166666667 0.09635416666666519 0.23177083333333331 
0 0.6588541666666676 0.48697916666666674 0.10416666666666485 0.25000000000000006 
0 0.8424479166666652 0.44401041666666674 0.07031250000000067 0.19531250000000006 
0 0.140625 0.4375 0.08333333333332978 0.17187499999999994 
0 0.3203125 0.3736979166666667 0.078125 0.1796875 
0 0.4140625000000001 0.5052083333333334 0.1041666666666699 0.1875 
0 0.046875 0.5182291666666667 0.09375 0.16145833333333337 
