0 0.6054687500000002 0.3619791666666667 0.08072916666666996 0.15104166666666663 
0 0.6901041666666676 0.42447916666666674 0.08333333333333515 0.15625000000000006 
0 0.7044270833333324 0.50390625 0.10677083333333515 0.21093749999999994 
0 0.87109375 0.6393229166666667 0.0859375 0.20052083333333337 
0 0.9661458333333324 0.46484375 0.06770833333333515 0.1796875 
0 0.83984375 0.7486979166666667 0.1223958333333297 0.26302083333333326 
2 0.028645833333332593 0.3893229166666667 0.041666666666665186 0.04947916666666674 
0 0.03776041666666755 0.5143229166666667 0.0755208333333351 0.16927083333333337 
0 0.04036458333333245 0.5950520833333334 0.0807291666666649 0.19010416666666674 
0 0.22526041666666502 0.6354166666666667 0.1640625000000003 0.21354166666666674 
0 0.4309895833333348 0.45833333333333337 0.1328125 0.18750000000000006 
0 0.5065104166666676 0.3776041666666667 0.07552083333333515 0.16666666666666674 
0 0.078125 0.39322916666666674 0.09895833333333037 0.15104166666666669 
1 0.5377604166666649 0.20833333333333334 0.0703125 0.10416666666666669 
1 0.447916666666665 1.0035445541143417 0.12499999999999967 0.07059650472652701 
