0 0.96875 0.5950520833333335 0.0625 0.2265625000000001 
0 0.04557291666666741 0.5182291666666667 0.09114583333333481 0.17708333333333337 
0 0.13281250000000017 0.44921875000000006 0.08854166666666993 0.15364583333333337 
0 0.3658854166666674 0.4166666666666667 0.07552083333333481 0.16666666666666663 
0 0.484375 0.39192708333333337 0.09375 0.13802083333333337 
0 0.6132812499999998 0.4375 0.10677083333333004 0.234375 
0 0.5924479166666676 0.5377604166666666 0.12239583333333515 0.27343749999999994 
0 0.6822916666666649 0.48046875000000006 0.109375 0.1953125000000001 
0 0.8450520833333351 0.49739583333333337 0.1015625 0.19791666666666669 
1 0.5390624999999998 0.20182291666666669 0.08333333333333004 0.10677083333333337 
