0 0.04036458333333245 0.5208333333333334 0.0807291666666649 0.18229166666666674 
0 0.11197916666666756 0.44140625 0.13020833333333512 0.17968749999999994 
0 0.13020833333333495 0.7161458333333334 0.10937499999999971 0.26041666666666674 
0 0.4062499999999999 0.5976562500000001 0.1041666666666699 0.22135416666666674 
0 0.3763020833333325 0.7356770833333334 0.11197916666666491 0.24739583333333326 
0 0.5872395833333323 0.46354166666666674 0.10677083333333481 0.2552083333333333 
0 0.6067708333333326 0.5481770833333334 0.10416666666666452 0.24218750000000006 
0 0.6692708333333324 0.5572916666666667 0.08854166666666485 0.18750000000000006 
0 0.8841145833333324 0.53515625 0.11197916666666485 0.21614583333333343 
1 0.5442708333333324 0.22135416666666669 0.08333333333333515 0.14062500000000008 
