0 0.04427083333333259 0.5208333333333334 0.08854166666666519 0.18229166666666674 
0 0.09374999999999986 0.45703125 0.10416666666666993 0.1484375 
0 0.921875 0.5757293701171875 0.1041666666666703 0.18098000919117702 
0 0.6119791666666674 0.6106770833333334 0.09895833333333548 0.23177083333333343 
0 0.8541666666666676 0.47005208333333337 0.08854166666666485 0.1953125 
0 0.6770833333333324 0.49739583333333337 0.09895833333333515 0.25 
0 0.3164062500000001 0.38932291666666674 0.0911458333333301 0.14322916666666669 
0 0.3776041666666674 0.4791666666666667 0.10416666666666519 0.17708333333333337 
0 0.6015625 0.48567708333333337 0.1145833333333297 0.22135416666666674 
1 0.5338541666666674 0.20963541666666669 0.07291666666666519 0.1432291666666667 
