0 0.8802083333333324 0.50390625 0.10416666666666485 0.17447916666666663 
0 0.610677083333335 0.47786458333333337 0.10156250000000033 0.2526041666666666 
0 0.6419270833333351 0.5338541666666667 0.1171875 0.21875000000000006 
0 0.71875 0.4895833333333334 0.0885416666666703 0.1875000000000001 
0 0.13020833333333245 0.4518229166666667 0.0989583333333351 0.15364583333333337 
0 0.28906142133814744 0.46200614192241873 0.08905304322663513 0.16826065763248538 
0 0.4114583333333348 0.40494791666666674 0.09375 0.16406250000000006 
0 0.1419270833333326 0.7513020833333335 0.1380208333333348 0.23697916666666663 
0 0.04557291666666741 0.5221354166666667 0.09114583333333481 0.14843750000000006 
1 0.5351562499999998 0.20963541666666669 0.07552083333333004 0.11718750000000003 
